34
5
1 -1 0 -1
6
5 -1 2 3
3
4 3 -1 -1
3
8 -1 5 6
2
7 6 4 -1
2
-1 -1 8 9
3
10 9 7 -1
0
-1 14 11 25
5
-1 11 13 12
1
18 12 21 23
5
17 22 18 19
0
12 15 20 -1
9
15 16 -1 24
8
-1 16 -1 11
4
21 -1 17 14
2
-1 23 12 -1
6
22 23 -1 -1
7
37 -1 45 26
5
45 36 47 39
8
47 43 -1 29
9
30 -1 40 37
8
38 36 -1 34
5
29 35 -1 28
3
30 27 44 46
2
-1 41 43 33
7
42 -1 39 32
1
31 44 -1 -1
8
42 39 28 31
1
-1 -1 -1 42
8
31 28 37 30
5
27 -1 26 35
3
42 37 39 -1
3
48 2 11 26
4
0 -1 48 -1
14
1 10 23 20
24
19 25 18 40
30
36 27 38 45


       2
      -1    
       1

       6
   4  -2    
       3

       5
      -3   4
        

       9
   7  -4    
       6

       8
      -5   7
       5

        
  10  -6    
       9

      11
      -7  10
       8

        
  26  -8  15
      12

        
  13  -9  12
      14

      19
  24 -10  13
      22

      18
  20 -11  23
      19

      13
     -12  16
      21

      16
  25 -13  17
        

        
  12 -14  17
        

      22
  15 -15    
      18

        
     -16  24
      13

      23
     -17  24
        

      38
  27 -18    
      46

      46
  40 -19  37
      48

      48
  30 -20  44
        

      31
  38 -21    
      41

      39
  35 -22  37
        

      30
  29 -23  36
        

      31
  47 -24  28
      45

        
  34 -25  42
      44

      43
  33 -26    
      40

      32
     -27  45
        

      43
  32 -28  40
      29

        
  43 -29    
        

      32
  31 -30  29
      38

      28
  36 -31    
      27

      43
     -32  38
      40

      49
  27 -33   3
      12

       1
     -34    
      49

