387926980213842431
619751367343657667
863491068094183198
1044322560583387888
1310192797669293303
1314247563003946146
1473612911177040125
1511402828817754826
1657817252226316262
1750302349509622455
1796384013684998480
1848777359602499734
1884361412985708340
2104849252515447450
2222925995945787372
2489716146917121730
2515344368701119404
2744517546871237796
2951043163173678585
3985608565469092691
4011061605787834618
4041531543822809627
4071507920886216090
4453634577177247190
4502351689043014937
4515155089025077856
5286759298248796023
5424679272531918615
5449793432084379134
5841576283076759122
6016790709393671791
6080128442901703586
6531761008619218922
6813192163052315629
6927017134761466251
6958257871265474936
6979848608389335100
6982379191914498839
7148434200721666028
7257727411320405062
7276265455404061772
7320522601048494304
7674613650421074157
7817311179336052383
7852378456644373128
7885493856155582604
7919287270473417401
8192945363362096476
8363454362106170326
8702728301146347705
8813077733200909832
9028560358739752036
9121080644518966144
9218327418081816966
9312877567425344755
9814164063001548632
10464417414901951369
10641512657872414174
10755174171366658954
11329650324634456925
11379213638070101546
11531244055417297997
11683743101897907799
11868634553282994128
12068876253226272742
12246581367170599057
12470390098245950070
12485775574321252452
12522305586339984642
12679811043644538708
13113763760922852889
13237225503670494420
13502581747159608329
13544743940788585281
13588682634828405407
13744913277005999311
13896076524857893351
13968271572159091845
14442253432391780004
14603841130323969312
15029944785333505497
15152400258022106775
15189097823690670831
15225294924970156766
16165765826633870759
16369022746696548435
16569706384440821077
16720874773084141888
17181926294437511708
17233079974729774219
17310004051949583105
17537801118541465303
17688505707339449513
17749442876938852375
17935832204658596057
18002588397725644386
18116610397344399015
18255989453464216154
18258608994382893257
18259870924294394882
18421644133257438848
